hs1	1	2500000	305 
hs1	2500001	5000000	91 
hs1	5000001	7500000	123 
hs1	7500001	10000000	103 
hs1	10000001	12500000	166 
hs1	12500001	15000000	72 
hs1	15000001	17500000	145 
hs1	17500001	20000000	81 
hs1	20000001	22500000	115 
hs1	22500001	25000000	146 
hs1	25000001	27500000	234 
hs1	27500001	30000000	130 
hs1	30000001	32500000	140 
hs1	32500001	35000000	108 
hs1	35000001	37500000	102 
hs1	37500001	40000000	131 
hs1	40000001	42500000	136 
hs1	42500001	45000000	281 
hs1	45000001	47500000	210 
hs1	47500001	50000000	19 
hs1	50000001	52500000	93 
hs1	52500001	55000000	159 
hs1	55000001	57500000	24 
hs1	57500001	60000000	29 
hs1	60000001	62500000	51 
hs1	62500001	65000000	38 
hs1	65000001	67500000	75 
hs1	67500001	70000000	26 
hs1	70000001	72500000	39 
hs1	72500001	75000000	37 
hs1	75000001	77500000	31 
hs1	77500001	80000000	47 
hs1	80000001	82500000	14 
hs1	82500001	85000000	52 
hs1	85000001	87500000	58 
hs1	87500001	90000000	50 
hs1	90000001	92500000	56 
hs1	92500001	95000000	69 
hs1	95000001	97500000	12 
hs1	97500001	100000000	51 
hs1	100000001	102500000	48 
hs1	102500001	105000000	34 
hs1	105000001	107500000	8 
hs1	107500001	110000000	175 
hs1	110000001	112500000	113 
hs1	112500001	115000000	136 
hs1	115000001	117500000	52 
hs1	117500001	120000000	56 
hs1	120000001	122500000	25 
hs1	142500001	145000000	12 
hs1	145000001	147500000	90 
hs1	147500001	150000000	107 
hs1	150000001	152500000	303 
hs1	152500001	155000000	258 
hs1	155000001	157500000	369 
hs1	157500001	160000000	144 
hs1	160000001	162500000	284 
hs1	162500001	165000000	51 
hs1	165000001	167500000	63 
hs1	167500001	170000000	95 
hs1	170000001	172500000	55 
hs1	172500001	175000000	50 
hs1	175000001	177500000	28 
hs1	177500001	180000000	72 
hs1	180000001	182500000	58 
hs1	182500001	185000000	72 
hs1	185000001	187500000	31 
hs1	190000001	192500000	5 
hs1	192500001	195000000	37 
hs1	195000001	197500000	36 
hs1	197500001	200000000	35 
hs1	200000001	202500000	149 
hs1	202500001	205000000	125 
hs1	205000001	207500000	191 
hs1	207500001	210000000	55 
hs1	210000001	212500000	63 
hs1	212500001	215000000	59 
hs1	215000001	217500000	34 
hs1	217500001	220000000	14 
hs1	220000001	222500000	33 
hs1	222500001	225000000	88 
hs1	225000001	227500000	81 
hs1	227500001	230000000	109 
hs1	230000001	232500000	82 
hs1	232500001	235000000	28 
hs1	235000001	237500000	130 
hs1	237500001	240000000	6 
hs1	240000001	242500000	47 
hs1	242500001	245000000	60 
hs1	245000001	247500000	52 
hs1	247500001	250000000	114 
hs10	1	2500000	50 
hs10	2500001	5000000	36 
hs10	5000001	7500000	90 
hs10	7500001	10000000	17 
hs10	10000001	12500000	61 
hs10	12500001	15000000	98 
hs10	15000001	17500000	51 
hs10	17500001	20000000	40 
hs10	20000001	22500000	44 
hs10	22500001	25000000	55 
hs10	25000001	27500000	55 
hs10	27500001	30000000	38 
hs10	30000001	32500000	48 
hs10	32500001	35000000	47 
hs10	35000001	37500000	57 
hs10	37500001	40000000	20 
hs10	42500001	45000000	55 
hs10	45000001	47500000	97 
hs10	47500001	50000000	78 
hs10	50000001	52500000	44 
hs10	52500001	55000000	35 
hs10	55000001	57500000	6 
hs10	57500001	60000000	35 
hs10	60000001	62500000	50 
hs10	62500001	65000000	18 
hs10	65000001	67500000	4 
hs10	67500001	70000000	126 
hs10	70000001	72500000	118 
hs10	72500001	75000000	121 
hs10	75000001	77500000	106 
hs10	77500001	80000000	45 
hs10	80000001	82500000	54 
hs10	82500001	85000000	24 
hs10	85000001	87500000	43 
hs10	87500001	90000000	64 
hs10	90000001	92500000	28 
hs10	92500001	95000000	78 
hs10	95000001	97500000	139 
hs10	97500001	100000000	68 
hs10	100000001	102500000	186 
hs10	102500001	105000000	100 
hs10	105000001	107500000	7 
hs10	107500001	110000000	5 
hs10	110000001	112500000	45 
hs10	112500001	115000000	76 
hs10	115000001	117500000	47 
hs10	117500001	120000000	48 
hs10	120000001	122500000	68 
hs10	122500001	125000000	62 
hs10	125000001	127500000	49 
hs10	127500001	130000000	17 
hs10	130000001	132500000	30 
hs10	132500001	135000000	67 
hs11	1	2500000	447 
hs11	2500001	5000000	194 
hs11	5000001	7500000	241 
hs11	7500001	10000000	204 
hs11	10000001	12500000	98 
hs11	12500001	15000000	71 
hs11	15000001	17500000	103 
hs11	17500001	20000000	143 
hs11	20000001	22500000	25 
hs11	22500001	25000000	15 
hs11	25000001	27500000	26 
hs11	27500001	30000000	30 
hs11	30000001	32500000	130 
hs11	32500001	35000000	108 
hs11	35000001	37500000	105 
hs11	40000001	42500000	6 
hs11	42500001	45000000	77 
hs11	45000001	47500000	261 
hs11	47500001	50000000	69 
hs11	50000001	52500000	1 
hs11	52500001	55000000	3 
hs11	55000001	57500000	133 
hs11	57500001	60000000	190 
hs11	60000001	62500000	312 
hs11	62500001	65000000	441 
hs11	65000001	67500000	574 
hs11	67500001	70000000	164 
hs11	70000001	72500000	224 
hs11	72500001	75000000	226 
hs11	75000001	77500000	155 
hs11	77500001	80000000	89 
hs11	82500001	85000000	88 
hs11	85000001	87500000	99 
hs11	87500001	90000000	38 
hs11	90000001	92500000	20 
hs11	92500001	95000000	112 
hs11	95000001	97500000	54 
hs11	97500001	100000000	6 
hs11	100000001	102500000	56 
hs11	102500001	105000000	62 
hs11	105000001	107500000	54 
hs11	107500001	110000000	66 
hs11	110000001	112500000	170 
hs11	112500001	115000000	119 
hs11	115000001	117500000	92 
hs11	117500001	120000000	252 
hs11	120000001	122500000	50 
hs11	122500001	125000000	131 
hs11	125000001	127500000	138 
hs11	127500001	130000000	56 
hs11	130000001	132500000	42 
hs11	132500001	135000000	40 
hs12	1	2500000	128 
hs12	2500001	5000000	117 
hs12	5000001	7500000	357 
hs12	7500001	10000000	181 
hs12	10000001	12500000	175 
hs12	12500001	15000000	99 
hs12	15000001	17500000	90 
hs12	17500001	20000000	41 
hs12	20000001	22500000	97 
hs12	22500001	25000000	25 
hs12	25000001	27500000	121 
hs12	27500001	30000000	76 
hs12	30000001	32500000	85 
hs12	32500001	35000000	36 
hs12	37500001	40000000	23 
hs12	40000001	42500000	70 
hs12	42500001	45000000	51 
hs12	45000001	47500000	45 
hs12	47500001	50000000	384 
hs12	50000001	52500000	266 
hs12	52500001	55000000	336 
hs12	55000001	57500000	488 
hs12	57500001	60000000	165 
hs12	60000001	62500000	26 
hs12	62500001	65000000	45 
hs12	65000001	67500000	69 
hs12	67500001	70000000	151 
hs12	70000001	72500000	78 
hs12	72500001	75000000	1 
hs12	75000001	77500000	88 
hs12	77500001	80000000	36 
hs12	80000001	82500000	49 
hs12	82500001	85000000	11 
hs12	85000001	87500000	20 
hs12	87500001	90000000	48 
hs12	90000001	92500000	28 
hs12	92500001	95000000	69 
hs12	95000001	97500000	104 
hs12	97500001	100000000	54 
hs12	100000001	102500000	130 
hs12	102500001	105000000	93 
hs12	105000001	107500000	82 
hs12	107500001	110000000	180 
hs12	110000001	112500000	190 
hs12	112500001	115000000	109 
hs12	115000001	117500000	36 
hs12	117500001	120000000	54 
hs12	120000001	122500000	275 
hs12	122500001	125000000	210 
hs12	125000001	127500000	4 
hs12	127500001	130000000	12 
hs12	130000001	132500000	69 
hs12	132500001	135000000	103 
hs13	17500001	20000000	25 
hs13	20000001	22500000	62 
hs13	22500001	25000000	37 
hs13	25000001	27500000	46 
hs13	27500001	30000000	41 
hs13	30000001	32500000	60 
hs13	32500001	35000000	17 
hs13	35000001	37500000	48 
hs13	37500001	40000000	36 
hs13	40000001	42500000	35 
hs13	42500001	45000000	39 
hs13	45000001	47500000	67 
hs13	47500001	50000000	94 
hs13	50000001	52500000	103 
hs13	52500001	55000000	9 
hs13	55000001	57500000	6 
hs13	57500001	60000000	11 
hs13	60000001	62500000	9 
hs13	65000001	67500000	5 
hs13	67500001	70000000	2 
hs13	70000001	72500000	4 
hs13	72500001	75000000	16 
hs13	75000001	77500000	58 
hs13	77500001	80000000	41 
hs13	80000001	82500000	2 
hs13	82500001	85000000	1 
hs13	85000001	87500000	3 
hs13	87500001	90000000	1 
hs13	90000001	92500000	2 
hs13	92500001	95000000	9 
hs13	95000001	97500000	40 
hs13	97500001	100000000	76 
hs13	100000001	102500000	36 
hs13	102500001	105000000	23 
hs13	105000001	107500000	18 
hs13	107500001	110000000	15 
hs13	110000001	112500000	50 
hs13	112500001	115000000	110 
hs14	17500001	20000000	27 
hs14	20000001	22500000	315 
hs14	22500001	25000000	574 
hs14	25000001	27500000	11 
hs14	27500001	30000000	7 
hs14	30000001	32500000	100 
hs14	32500001	35000000	50 
hs14	35000001	37500000	102 
hs14	37500001	40000000	58 
hs14	40000001	42500000	3 
hs14	42500001	45000000	14 
hs14	45000001	47500000	32 
hs14	47500001	50000000	33 
hs14	50000001	52500000	101 
hs14	52500001	55000000	91 
hs14	55000001	57500000	80 
hs14	57500001	60000000	81 
hs14	60000001	62500000	85 
hs14	62500001	65000000	103 
hs14	65000001	67500000	88 
hs14	67500001	70000000	106 
hs14	70000001	72500000	56 
hs14	72500001	75000000	243 
hs14	75000001	77500000	167 
hs14	77500001	80000000	42 
hs14	80000001	82500000	41 
hs14	85000001	87500000	2 
hs14	87500001	90000000	114 
hs14	90000001	92500000	154 
hs14	92500001	95000000	174 
hs14	95000001	97500000	66 
hs14	97500001	100000000	46 
hs14	100000001	102500000	174 
hs14	102500001	105000000	197 
hs14	105000001	107500000	77 
hs15	20000001	22500000	16 
hs15	22500001	25000000	54 
hs15	25000001	27500000	57 
hs15	27500001	30000000	34 
hs15	30000001	32500000	67 
hs15	32500001	35000000	104 
hs15	35000001	37500000	38 
hs15	37500001	40000000	39 
hs15	40000001	42500000	310 
hs15	42500001	45000000	253 
hs15	45000001	47500000	83 
hs15	47500001	50000000	120 
hs15	50000001	52500000	116 
hs15	52500001	55000000	38 
hs15	55000001	57500000	88 
hs15	57500001	60000000	108 
hs15	60000001	62500000	56 
hs15	62500001	65000000	173 
hs15	65000001	67500000	156 
hs15	67500001	70000000	82 
hs15	70000001	72500000	139 
hs15	72500001	75000000	274 
hs15	75000001	77500000	181 
hs15	77500001	80000000	151 
hs15	80000001	82500000	80 
hs15	82500001	85000000	115 
hs15	85000001	87500000	18 
hs15	87500001	90000000	129 
hs15	90000001	92500000	124 
hs15	92500001	95000000	41 
hs15	95000001	97500000	7 
hs15	97500001	100000000	56 
hs15	100000001	102500000	71 
hs16	1	2500000	618 
hs16	2500001	5000000	502 
hs16	5000001	7500000	39 
hs16	7500001	10000000	77 
hs16	10000001	12500000	131 
hs16	12500001	15000000	64 
hs16	15000001	17500000	85 
hs16	17500001	20000000	127 
hs16	20000001	22500000	199 
hs16	22500001	25000000	123 
hs16	25000001	27500000	50 
hs16	27500001	30000000	323 
hs16	30000001	32500000	350 
hs16	32500001	35000000	17 
hs16	45000001	47500000	40 
hs16	47500001	50000000	41 
hs16	50000001	52500000	63 
hs16	52500001	55000000	60 
hs16	55000001	57500000	229 
hs16	57500001	60000000	224 
hs16	60000001	62500000	8 
hs16	62500001	65000000	5 
hs16	65000001	67500000	302 
hs16	67500001	70000000	333 
hs16	70000001	72500000	245 
hs16	72500001	75000000	48 
hs16	75000001	77500000	108 
hs16	77500001	80000000	23 
hs16	80000001	82500000	88 
hs16	82500001	85000000	107 
hs16	85000001	87500000	83 
hs16	87500001	90000000	345 
hs16	90000001	92500000	16 
hs17	1	2500000	240 
hs17	2500001	5000000	263 
hs17	5000001	7500000	357 
hs17	7500001	10000000	350 
hs17	10000001	12500000	53 
hs17	12500001	15000000	34 
hs17	15000001	17500000	196 
hs17	17500001	20000000	299 
hs17	20000001	22500000	55 
hs17	22500001	25000000	1 
hs17	25000001	27500000	15 
hs17	27500001	30000000	298 
hs17	30000001	32500000	164 
hs17	32500001	35000000	40 
hs17	35000001	37500000	247 
hs17	37500001	40000000	221 
hs17	40000001	42500000	372 
hs17	42500001	45000000	463 
hs17	45000001	47500000	213 
hs17	47500001	50000000	287 
hs17	50000001	52500000	218 
hs17	52500001	55000000	30 
hs17	55000001	57500000	67 
hs17	57500001	60000000	206 
hs17	60000001	62500000	92 
hs17	62500001	65000000	271 
hs17	65000001	67500000	52 
hs17	67500001	70000000	115 
hs17	70000001	72500000	14 
hs17	72500001	75000000	164 
hs17	75000001	77500000	487 
hs17	77500001	80000000	182 
hs17	80000001	82500000	494 
hs17	82500001	85000000	45 
hs18	1	2500000	43 
hs18	2500001	5000000	69 
hs18	5000001	7500000	59 
hs18	7500001	10000000	59 
hs18	10000001	12500000	88 
hs18	12500001	15000000	82 
hs18	20000001	22500000	26 
hs18	22500001	25000000	106 
hs18	25000001	27500000	51 
hs18	27500001	30000000	5 
hs18	30000001	32500000	42 
hs18	32500001	35000000	62 
hs18	35000001	37500000	135 
hs18	40000001	42500000	9 
hs18	42500001	45000000	11 
hs18	45000001	47500000	120 
hs18	47500001	50000000	97 
hs18	50000001	52500000	81 
hs18	52500001	55000000	41 
hs18	55000001	57500000	89 
hs18	57500001	60000000	81 
hs18	60000001	62500000	57 
hs18	62500001	65000000	69 
hs18	65000001	67500000	8 
hs18	67500001	70000000	25 
hs18	70000001	72500000	14 
hs18	72500001	75000000	56 
hs18	75000001	77500000	52 
hs18	77500001	80000000	58 
hs18	80000001	82500000	13 
hs19	1	2500000	477 
hs19	2500001	5000000	306 
hs19	5000001	7500000	276 
hs19	7500001	10000000	326 
hs19	10000001	12500000	496 
hs19	12500001	15000000	389 
hs19	15000001	17500000	329 
hs19	17500001	20000000	420 
hs19	20000001	22500000	113 
hs19	22500001	25000000	41 
hs19	27500001	30000000	33 
hs19	30000001	32500000	18 
hs19	32500001	35000000	142 
hs19	35000001	37500000	507 
hs19	37500001	40000000	394 
hs19	40000001	42500000	431 
hs19	42500001	45000000	336 
hs19	45000001	47500000	371 
hs19	47500001	50000000	579 
hs19	50000001	52500000	404 
hs19	52500001	55000000	410 
hs19	55000001	57500000	371 
hs19	57500001	60000000	232 
hs2	1	2500000	61 
hs2	2500001	5000000	46 
hs2	5000001	7500000	10 
hs2	7500001	10000000	62 
hs2	10000001	12500000	80 
hs2	12500001	15000000	5 
hs2	15000001	17500000	19 
hs2	17500001	20000000	42 
hs2	20000001	22500000	42 
hs2	22500001	25000000	68 
hs2	25000001	27500000	237 
hs2	27500001	30000000	93 
hs2	30000001	32500000	82 
hs2	32500001	35000000	28 
hs2	35000001	37500000	60 
hs2	37500001	40000000	95 
hs2	40000001	42500000	27 
hs2	42500001	45000000	83 
hs2	45000001	47500000	63 
hs2	47500001	50000000	68 
hs2	50000001	52500000	15 
hs2	52500001	55000000	44 
hs2	55000001	57500000	90 
hs2	57500001	60000000	16 
hs2	60000001	62500000	79 
hs2	62500001	65000000	80 
hs2	65000001	67500000	29 
hs2	67500001	70000000	75 
hs2	70000001	72500000	127 
hs2	72500001	75000000	188 
hs2	75000001	77500000	27 
hs2	77500001	80000000	19 
hs2	80000001	82500000	12 
hs2	82500001	85000000	12 
hs2	85000001	87500000	202 
hs2	87500001	90000000	27 
hs2	92500001	95000000	4 
hs2	95000001	97500000	114 
hs2	97500001	100000000	117 
hs2	100000001	102500000	100 
hs2	102500001	105000000	14 
hs2	105000001	107500000	46 
hs2	107500001	110000000	71 
hs2	110000001	112500000	94 
hs2	112500001	115000000	92 
hs2	115000001	117500000	5 
hs2	117500001	120000000	61 
hs2	120000001	122500000	46 
hs2	122500001	125000000	1 
hs2	125000001	127500000	52 
hs2	127500001	130000000	46 
hs2	130000001	132500000	105 
hs2	132500001	135000000	32 
hs2	135000001	137500000	41 
hs2	137500001	140000000	9 
hs2	140000001	142500000	4 
hs2	142500001	145000000	60 
hs2	147500001	150000000	43 
hs2	150000001	152500000	94 
hs2	152500001	155000000	19 
hs2	155000001	157500000	34 
hs2	157500001	160000000	64 
hs2	160000001	162500000	64 
hs2	162500001	165000000	23 
hs2	165000001	167500000	77 
hs2	167500001	170000000	84 
hs2	170000001	172500000	94 
hs2	172500001	175000000	78 
hs2	175000001	177500000	69 
hs2	177500001	180000000	86 
hs2	180000001	182500000	38 
hs2	182500001	185000000	21 
hs2	185000001	187500000	31 
hs2	187500001	190000000	70 
hs2	190000001	192500000	96 
hs2	195000001	197500000	73 
hs2	197500001	200000000	42 
hs2	200000001	202500000	181 
hs2	202500001	205000000	97 
hs2	205000001	207500000	63 
hs2	207500001	210000000	69 
hs2	210000001	212500000	47 
hs2	212500001	215000000	37 
hs2	215000001	217500000	64 
hs2	217500001	220000000	350 
hs2	220000001	222500000	21 
hs2	222500001	225000000	51 
hs2	225000001	227500000	45 
hs2	227500001	230000000	52 
hs2	230000001	232500000	141 
hs2	232500001	235000000	151 
hs2	235000001	237500000	44 
hs2	237500001	240000000	108 
hs2	240000001	242500000	258 
hs20	1	2500000	177 
hs20	2500001	5000000	134 
hs20	5000001	7500000	40 
hs20	7500001	10000000	39 
hs20	10000001	12500000	24 
hs20	12500001	15000000	24 
hs20	15000001	17500000	18 
hs20	17500001	20000000	82 
hs20	20000001	22500000	41 
hs20	22500001	25000000	38 
hs20	25000001	27500000	43 
hs20	30000001	32500000	101 
hs20	32500001	35000000	143 
hs20	35000001	37500000	267 
hs20	37500001	40000000	68 
hs20	40000001	42500000	42 
hs20	42500001	45000000	101 
hs20	45000001	47500000	256 
hs20	47500001	50000000	51 
hs20	50000001	52500000	67 
hs20	52500001	55000000	20 
hs20	55000001	57500000	69 
hs20	57500001	60000000	110 
hs20	60000001	62500000	62 
hs20	62500001	65000000	190 
hs21	5000001	7500000	33 
hs21	7500001	10000000	14 
hs21	10000001	12500000	5 
hs21	12500001	15000000	18 
hs21	15000001	17500000	6 
hs21	17500001	20000000	22 
hs21	20000001	22500000	2 
hs21	25000001	27500000	33 
hs21	27500001	30000000	49 
hs21	30000001	32500000	60 
hs21	32500001	35000000	182 
hs21	35000001	37500000	79 
hs21	37500001	40000000	100 
hs21	40000001	42500000	91 
hs21	42500001	45000000	160 
hs21	45000001	47500000	95 
hs22	15000001	17500000	29 
hs22	17500001	20000000	171 
hs22	20000001	22500000	186 
hs22	22500001	25000000	184 
hs22	25000001	27500000	59 
hs22	27500001	30000000	149 
hs22	30000001	32500000	292 
hs22	32500001	35000000	18 
hs22	35000001	37500000	192 
hs22	37500001	40000000	274 
hs22	40000001	42500000	175 
hs22	42500001	45000000	122 
hs22	45000001	47500000	105 
hs22	47500001	50000000	21 
hs22	50000001	52500000	129 
hs3	1	2500000	19 
hs3	2500001	5000000	47 
hs3	5000001	7500000	20 
hs3	7500001	10000000	180 
hs3	10000001	12500000	155 
hs3	12500001	15000000	96 
hs3	15000001	17500000	108 
hs3	17500001	20000000	28 
hs3	20000001	22500000	17 
hs3	22500001	25000000	57 
hs3	25000001	27500000	48 
hs3	27500001	30000000	28 
hs3	30000001	32500000	23 
hs3	32500001	35000000	63 
hs3	35000001	37500000	81 
hs3	37500001	40000000	143 
hs3	40000001	42500000	92 
hs3	42500001	45000000	158 
hs3	45000001	47500000	148 
hs3	47500001	50000000	407 
hs3	50000001	52500000	307 
hs3	52500001	55000000	143 
hs3	55000001	57500000	52 
hs3	57500001	60000000	108 
hs3	60000001	62500000	20 
hs3	62500001	65000000	46 
hs3	65000001	67500000	25 
hs3	67500001	70000000	56 
hs3	70000001	72500000	30 
hs3	72500001	75000000	23 
hs3	75000001	77500000	12 
hs3	77500001	80000000	13 
hs3	80000001	82500000	2 
hs3	82500001	85000000	2 
hs3	85000001	87500000	13 
hs3	87500001	90000000	14 
hs3	92500001	95000000	18 
hs3	95000001	97500000	9 
hs3	97500001	100000000	103 
hs3	100000001	102500000	92 
hs3	105000001	107500000	20 
hs3	107500001	110000000	69 
hs3	110000001	112500000	71 
hs3	112500001	115000000	138 
hs3	115000001	117500000	6 
hs3	117500001	120000000	93 
hs3	120000001	122500000	100 
hs3	122500001	125000000	113 
hs3	125000001	127500000	83 
hs3	127500001	130000000	163 
hs3	130000001	132500000	76 
hs3	132500001	135000000	106 
hs3	135000001	137500000	48 
hs3	137500001	140000000	126 
hs3	140000001	142500000	90 
hs3	142500001	145000000	39 
hs3	145000001	147500000	49 
hs3	147500001	150000000	91 
hs3	150000001	152500000	80 
hs3	152500001	155000000	13 
hs3	155000001	157500000	88 
hs3	157500001	160000000	85 
hs3	160000001	162500000	72 
hs3	162500001	165000000	1 
hs3	165000001	167500000	29 
hs3	167500001	170000000	64 
hs3	170000001	172500000	69 
hs3	172500001	175000000	30 
hs3	175000001	177500000	22 
hs3	177500001	180000000	75 
hs3	180000001	182500000	35 
hs3	182500001	185000000	230 
hs3	185000001	187500000	129 
hs3	187500001	190000000	43 
hs3	190000001	192500000	37 
hs3	192500001	195000000	69 
hs3	195000001	197500000	159 
hs3	197500001	200000000	50 
hs4	1	2500000	261 
hs4	2500001	5000000	105 
hs4	5000001	7500000	70 
hs4	7500001	10000000	83 
hs4	10000001	12500000	14 
hs4	12500001	15000000	12 
hs4	15000001	17500000	79 
hs4	17500001	20000000	19 
hs4	20000001	22500000	52 
hs4	22500001	25000000	21 
hs4	25000001	27500000	73 
hs4	30000001	32500000	5 
hs4	35000001	37500000	11 
hs4	37500001	40000000	118 
hs4	40000001	42500000	97 
hs4	42500001	45000000	16 
hs4	45000001	47500000	30 
hs4	47500001	50000000	76 
hs4	50000001	52500000	23 
hs4	52500001	55000000	42 
hs4	55000001	57500000	94 
hs4	60000001	62500000	15 
hs4	62500001	65000000	4 
hs4	65000001	67500000	10 
hs4	67500001	70000000	62 
hs4	70000001	72500000	80 
hs4	72500001	75000000	61 
hs4	75000001	77500000	127 
hs4	77500001	80000000	42 
hs4	80000001	82500000	53 
hs4	82500001	85000000	98 
hs4	85000001	87500000	204 
hs4	87500001	90000000	82 
hs4	90000001	92500000	11 
hs4	92500001	95000000	33 
hs4	95000001	97500000	12 
hs4	97500001	100000000	103 
hs4	100000001	102500000	24 
hs4	102500001	105000000	81 
hs4	105000001	107500000	74 
hs4	107500001	110000000	82 
hs4	110000001	112500000	32 
hs4	112500001	115000000	60 
hs4	115000001	117500000	2 
hs4	117500001	120000000	33 
hs4	120000001	122500000	62 
hs4	122500001	125000000	25 
hs4	125000001	127500000	2 
hs4	127500001	130000000	114 
hs4	132500001	135000000	3 
hs4	137500001	140000000	43 
hs4	140000001	142500000	61 
hs4	142500001	145000000	49 
hs4	145000001	147500000	55 
hs4	147500001	150000000	16 
hs4	150000001	152500000	60 
hs4	152500001	155000000	71 
hs4	155000001	157500000	54 
hs4	157500001	160000000	54 
hs4	160000001	162500000	3 
hs4	162500001	165000000	32 
hs4	165000001	167500000	59 
hs4	167500001	170000000	57 
hs4	170000001	172500000	15 
hs4	172500001	175000000	51 
hs4	175000001	177500000	37 
hs4	180000001	182500000	3 
hs4	182500001	185000000	84 
hs4	185000001	187500000	122 
hs4	187500001	190000000	13 
hs4	190000001	192500000	6 
hs5	1	2500000	97 
hs5	2500001	5000000	10 
hs5	5000001	7500000	17 
hs5	7500001	10000000	27 
hs5	10000001	12500000	36 
hs5	12500001	15000000	16 
hs5	15000001	17500000	21 
hs5	17500001	20000000	20 
hs5	20000001	22500000	3 
hs5	22500001	25000000	5 
hs5	25000001	27500000	3 
hs5	30000001	32500000	26 
hs5	32500001	35000000	84 
hs5	35000001	37500000	93 
hs5	37500001	40000000	51 
hs5	40000001	42500000	37 
hs5	42500001	45000000	67 
hs5	45000001	47500000	2 
hs5	50000001	52500000	21 
hs5	52500001	55000000	36 
hs5	55000001	57500000	96 
hs5	57500001	60000000	25 
hs5	60000001	62500000	40 
hs5	62500001	65000000	17 
hs5	65000001	67500000	79 
hs5	67500001	70000000	97 
hs5	70000001	72500000	80 
hs5	72500001	75000000	61 
hs5	75000001	77500000	114 
hs5	77500001	80000000	50 
hs5	80000001	82500000	61 
hs5	82500001	85000000	21 
hs5	85000001	87500000	13 
hs5	87500001	90000000	42 
hs5	90000001	92500000	37 
hs5	92500001	95000000	29 
hs5	95000001	97500000	103 
hs5	97500001	100000000	7 
hs5	100000001	102500000	10 
hs5	102500001	105000000	36 
hs5	105000001	107500000	3 
hs5	107500001	110000000	12 
hs5	110000001	112500000	49 
hs5	112500001	115000000	43 
hs5	115000001	117500000	49 
hs5	117500001	120000000	43 
hs5	120000001	122500000	36 
hs5	122500001	125000000	35 
hs5	125000001	127500000	51 
hs5	127500001	130000000	29 
hs5	130000001	132500000	90 
hs5	132500001	135000000	163 
hs5	135000001	137500000	55 
hs5	137500001	140000000	231 
hs5	140000001	142500000	296 
hs5	142500001	145000000	49 
hs5	145000001	147500000	46 
hs5	147500001	150000000	101 
hs5	150000001	152500000	176 
hs5	152500001	155000000	78 
hs5	155000001	157500000	45 
hs5	157500001	160000000	30 
hs5	160000001	162500000	85 
hs5	162500001	165000000	20 
hs5	165000001	167500000	1 
hs5	167500001	170000000	36 
hs5	170000001	172500000	69 
hs5	172500001	175000000	58 
hs5	175000001	177500000	201 
hs5	177500001	180000000	224 
hs5	180000001	182500000	105 
hs6	1	2500000	23 
hs6	2500001	5000000	98 
hs6	5000001	7500000	47 
hs6	7500001	10000000	21 
hs6	10000001	12500000	82 
hs6	12500001	15000000	52 
hs6	15000001	17500000	35 
hs6	17500001	20000000	27 
hs6	20000001	22500000	11 
hs6	22500001	25000000	53 
hs6	25000001	27500000	160 
hs6	27500001	30000000	162 
hs6	30000001	32500000	544 
hs6	32500001	35000000	217 
hs6	35000001	37500000	170 
hs6	37500001	40000000	53 
hs6	40000001	42500000	138 
hs6	42500001	45000000	255 
hs6	45000001	47500000	50 
hs6	47500001	50000000	42 
hs6	50000001	52500000	45 
hs6	52500001	55000000	56 
hs6	55000001	57500000	60 
hs6	57500001	60000000	1 
hs6	60000001	62500000	1 
hs6	62500001	65000000	22 
hs6	65000001	67500000	3 
hs6	67500001	70000000	10 
hs6	70000001	72500000	41 
hs6	72500001	75000000	51 
hs6	75000001	77500000	41 
hs6	77500001	80000000	14 
hs6	80000001	82500000	25 
hs6	82500001	85000000	60 
hs6	85000001	87500000	52 
hs6	87500001	90000000	67 
hs6	90000001	92500000	7 
hs6	92500001	95000000	2 
hs6	95000001	97500000	22 
hs6	97500001	100000000	42 
hs6	100000001	102500000	16 
hs6	102500001	105000000	12 
hs6	105000001	107500000	45 
hs6	107500001	110000000	93 
hs6	110000001	112500000	110 
hs6	112500001	115000000	15 
hs6	115000001	117500000	58 
hs6	117500001	120000000	35 
hs6	120000001	122500000	12 
hs6	122500001	125000000	29 
hs6	125000001	127500000	82 
hs6	127500001	130000000	28 
hs6	130000001	132500000	80 
hs6	132500001	135000000	79 
hs6	135000001	137500000	119 
hs6	137500001	140000000	55 
hs6	140000001	142500000	14 
hs6	142500001	145000000	58 
hs6	145000001	147500000	49 
hs6	147500001	150000000	62 
hs6	150000001	152500000	76 
hs6	152500001	155000000	50 
hs6	155000001	157500000	38 
hs6	157500001	160000000	86 
hs6	160000001	162500000	41 
hs6	162500001	165000000	23 
hs6	165000001	167500000	58 
hs6	167500001	170000000	63 
hs6	170000001	172500000	28 
hs7	1	2500000	137 
hs7	2500001	5000000	51 
hs7	5000001	7500000	136 
hs7	7500001	10000000	38 
hs7	10000001	12500000	20 
hs7	12500001	15000000	36 
hs7	15000001	17500000	39 
hs7	17500001	20000000	34 
hs7	20000001	22500000	38 
hs7	22500001	25000000	87 
hs7	25000001	27500000	60 
hs7	27500001	30000000	67 
hs7	30000001	32500000	92 
hs7	32500001	35000000	52 
hs7	35000001	37500000	56 
hs7	37500001	40000000	58 
hs7	40000001	42500000	19 
hs7	42500001	45000000	190 
hs7	45000001	47500000	46 
hs7	47500001	50000000	42 
hs7	50000001	52500000	71 
hs7	52500001	55000000	9 
hs7	55000001	57500000	74 
hs7	62500001	65000000	28 
hs7	65000001	67500000	59 
hs7	67500001	70000000	6 
hs7	70000001	72500000	18 
hs7	72500001	75000000	161 
hs7	75000001	77500000	116 
hs7	77500001	80000000	44 
hs7	80000001	82500000	44 
hs7	82500001	85000000	17 
hs7	85000001	87500000	57 
hs7	87500001	90000000	36 
hs7	90000001	92500000	100 
hs7	92500001	95000000	145 
hs7	95000001	97500000	58 
hs7	97500001	100000000	164 
hs7	100000001	102500000	334 
hs7	102500001	105000000	112 
hs7	105000001	107500000	80 
hs7	107500001	110000000	74 
hs7	110000001	112500000	42 
hs7	112500001	115000000	50 
hs7	115000001	117500000	65 
hs7	117500001	120000000	19 
hs7	120000001	122500000	43 
hs7	122500001	125000000	57 
hs7	125000001	127500000	15 
hs7	127500001	130000000	134 
hs7	130000001	132500000	86 
hs7	132500001	135000000	38 
hs7	135000001	137500000	45 
hs7	137500001	140000000	72 
hs7	140000001	142500000	128 
hs7	142500001	145000000	126 
hs7	145000001	147500000	2 
hs7	147500001	150000000	62 
hs7	150000001	152500000	209 
hs7	152500001	155000000	14 
hs7	155000001	157500000	68 
hs7	157500001	160000000	21 
hs8	1	2500000	53 
hs8	2500001	5000000	7 
hs8	5000001	7500000	39 
hs8	7500001	10000000	37 
hs8	10000001	12500000	127 
hs8	12500001	15000000	23 
hs8	15000001	17500000	47 
hs8	17500001	20000000	130 
hs8	20000001	22500000	127 
hs8	22500001	25000000	133 
hs8	25000001	27500000	79 
hs8	27500001	30000000	112 
hs8	30000001	32500000	74 
hs8	32500001	35000000	26 
hs8	35000001	37500000	11 
hs8	37500001	40000000	174 
hs8	40000001	42500000	108 
hs8	42500001	45000000	47 
hs8	45000001	47500000	12 
hs8	47500001	50000000	51 
hs8	50000001	52500000	19 
hs8	52500001	55000000	58 
hs8	55000001	57500000	63 
hs8	57500001	60000000	20 
hs8	60000001	62500000	44 
hs8	62500001	65000000	17 
hs8	65000001	67500000	87 
hs8	67500001	70000000	22 
hs8	70000001	72500000	36 
hs8	72500001	75000000	68 
hs8	75000001	77500000	17 
hs8	77500001	80000000	29 
hs8	80000001	82500000	71 
hs8	82500001	85000000	10 
hs8	85000001	87500000	85 
hs8	87500001	90000000	17 
hs8	90000001	92500000	89 
hs8	92500001	95000000	122 
hs8	95000001	97500000	43 
hs8	97500001	100000000	77 
hs8	100000001	102500000	130 
hs8	102500001	105000000	59 
hs8	105000001	107500000	22 
hs8	107500001	110000000	81 
hs8	110000001	112500000	4 
hs8	115000001	117500000	44 
hs8	117500001	120000000	35 
hs8	120000001	122500000	19 
hs8	122500001	125000000	89 
hs8	125000001	127500000	20 
hs8	127500001	130000000	32 
hs8	130000001	132500000	28 
hs8	132500001	135000000	92 
hs8	135000001	137500000	7 
hs8	137500001	140000000	15 
hs8	140000001	142500000	92 
hs8	142500001	145000000	439 
hs8	145000001	147500000	1 
hs9	1	2500000	97 
hs9	2500001	5000000	52 
hs9	5000001	7500000	59 
hs9	7500001	10000000	13 
hs9	12500001	15000000	46 
hs9	15000001	17500000	40 
hs9	17500001	20000000	36 
hs9	20000001	22500000	54 
hs9	22500001	25000000	10 
hs9	25000001	27500000	28 
hs9	27500001	30000000	10 
hs9	30000001	32500000	5 
hs9	32500001	35000000	195 
hs9	35000001	37500000	172 
hs9	37500001	40000000	45 
hs9	40000001	42500000	22 
hs9	60000001	62500000	3 
hs9	62500001	65000000	2 
hs9	65000001	67500000	26 
hs9	67500001	70000000	68 
hs9	70000001	72500000	47 
hs9	72500001	75000000	25 
hs9	75000001	77500000	36 
hs9	77500001	80000000	37 
hs9	80000001	82500000	7 
hs9	82500001	85000000	48 
hs9	85000001	87500000	33 
hs9	87500001	90000000	44 
hs9	90000001	92500000	57 
hs9	92500001	95000000	68 
hs9	95000001	97500000	69 
hs9	97500001	100000000	73 
hs9	100000001	102500000	37 
hs9	102500001	105000000	24 
hs9	105000001	107500000	44 
hs9	107500001	110000000	32 
hs9	110000001	112500000	71 
hs9	112500001	115000000	94 
hs9	115000001	117500000	23 
hs9	117500001	120000000	8 
hs9	120000001	122500000	97 
hs9	122500001	125000000	108 
hs9	125000001	127500000	101 
hs9	127500001	130000000	323 
hs9	130000001	132500000	106 
hs9	132500001	135000000	162 
hs9	135000001	137500000	280 
hs9	137500001	140000000	41 
hsGL000009.2	1	2500000	1 
hsGL000194.1	1	2500000	2 
hsGL000195.1	1	2500000	2 
hsGL000205.2	1	2500000	1 
hsGL000213.1	1	2500000	2 
hsGL000218.1	1	2500000	1 
hsGL000219.1	1	2500000	1 
hsKI270711.1	1	2500000	4 
hsKI270713.1	1	2500000	2 
hsKI270721.1	1	2500000	1 
hsKI270726.1	1	2500000	2 
hsKI270727.1	1	2500000	5 
hsKI270728.1	1	2500000	8 
hsKI270731.1	1	2500000	1 
hsKI270734.1	1	2500000	4 
hsMT	1	2500000	13 
hsX	1	2500000	57 
hsX	2500001	5000000	31 
hsX	5000001	7500000	16 
hsX	7500001	10000000	39 
hsX	10000001	12500000	40 
hsX	12500001	15000000	61 
hsX	15000001	17500000	64 
hsX	17500001	20000000	67 
hsX	20000001	22500000	54 
hsX	22500001	25000000	44 
hsX	25000001	27500000	7 
hsX	27500001	30000000	8 
hsX	30000001	32500000	47 
hsX	32500001	35000000	6 
hsX	35000001	37500000	19 
hsX	37500001	40000000	43 
hsX	40000001	42500000	107 
hsX	42500001	45000000	16 
hsX	45000001	47500000	64 
hsX	47500001	50000000	279 
hsX	50000001	52500000	44 
hsX	52500001	55000000	147 
hsX	55000001	57500000	94 
hsX	57500001	60000000	3 
hsX	62500001	65000000	40 
hsX	65000001	67500000	24 
hsX	67500001	70000000	32 
hsX	70000001	72500000	143 
hsX	72500001	75000000	44 
hsX	75000001	77500000	23 
hsX	77500001	80000000	40 
hsX	80000001	82500000	13 
hsX	82500001	85000000	10 
hsX	85000001	87500000	23 
hsX	87500001	90000000	7 
hsX	90000001	92500000	8 
hsX	92500001	95000000	4 
hsX	95000001	97500000	6 
hsX	100000001	102500000	123 
hsX	102500001	105000000	103 
hsX	105000001	107500000	44 
hsX	107500001	110000000	77 
hsX	110000001	112500000	73 
hsX	112500001	115000000	9 
hsX	115000001	117500000	19 
hsX	117500001	120000000	64 
hsX	120000001	122500000	40 
hsX	122500001	125000000	42 
hsX	125000001	127500000	4 
hsX	127500001	130000000	23 
hsX	130000001	132500000	69 
hsX	132500001	135000000	48 
hsX	135000001	137500000	109 
hsX	137500001	140000000	28 
hsX	140000001	142500000	15 
hsX	142500001	145000000	8 
hsX	145000001	147500000	6 
hsX	147500001	150000000	71 
hsX	150000001	152500000	69 
hsX	152500001	155000000	393 
hsX	155000001	157500000	36 
hsY	2500001	5000000	10 
hsY	5000001	7500000	14 
hsY	7500001	10000000	13 
hsY	12500001	15000000	29 
hsY	17500001	20000000	17 
hsY	20000001	22500000	24 
hsY	22500001	25000000	32 
hsY	25000001	27500000	5 
pt1	1	2500000	144 
pt1	2500001	5000000	30 
pt1	5000001	7500000	72 
pt1	7500001	10000000	57 
pt1	10000001	12500000	82 
pt1	12500001	15000000	45 
pt1	15000001	17500000	58 
pt1	17500001	20000000	74 
pt1	20000001	22500000	62 
pt1	22500001	25000000	74 
pt1	25000001	27500000	127 
pt1	27500001	30000000	36 
pt1	30000001	32500000	115 
pt1	32500001	35000000	37 
pt1	35000001	37500000	89 
pt1	37500001	40000000	67 
pt1	40000001	42500000	60 
pt1	42500001	45000000	113 
pt1	45000001	47500000	84 
pt1	47500001	50000000	24 
pt1	50000001	52500000	59 
pt1	52500001	55000000	97 
pt1	55000001	57500000	16 
pt1	57500001	60000000	15 
pt1	60000001	62500000	31 
pt1	62500001	65000000	25 
pt1	65000001	67500000	50 
pt1	67500001	70000000	19 
pt1	70000001	72500000	22 
pt1	72500001	75000000	18 
pt1	75000001	77500000	25 
pt1	77500001	80000000	26 
pt1	80000001	82500000	8 
pt1	82500001	85000000	28 
pt1	85000001	87500000	38 
pt1	87500001	90000000	20 
pt1	90000001	92500000	20 
pt1	92500001	95000000	52 
pt1	95000001	97500000	18 
pt1	97500001	100000000	12 
pt1	100000001	102500000	49 
pt1	102500001	105000000	8 
pt1	107500001	110000000	63 
pt1	110000001	112500000	86 
pt1	115000001	117500000	31 
pt1	117500001	120000000	38 
pt1	120000001	122500000	73 
pt1	122500001	125000000	62 
pt1	125000001	127500000	59 
pt1	127500001	130000000	171 
pt1	130000001	132500000	122 
pt1	132500001	135000000	215 
pt1	135000001	137500000	74 
pt1	137500001	140000000	157 
pt1	140000001	142500000	28 
pt1	142500001	145000000	32 
pt1	145000001	147500000	56 
pt1	147500001	150000000	53 
pt1	150000001	152500000	42 
pt1	152500001	155000000	30 
pt1	155000001	157500000	22 
pt1	157500001	160000000	46 
pt1	160000001	162500000	45 
pt1	162500001	165000000	23 
pt1	165000001	167500000	8 
pt1	167500001	170000000	1 
pt1	170000001	172500000	22 
pt1	175000001	177500000	49 
pt1	177500001	180000000	23 
pt1	180000001	182500000	86 
pt1	182500001	185000000	91 
pt1	185000001	187500000	77 
pt1	187500001	190000000	34 
pt1	190000001	192500000	58 
pt1	192500001	195000000	22 
pt1	195000001	197500000	15 
pt1	197500001	200000000	28 
pt1	200000001	202500000	23 
pt1	202500001	205000000	49 
pt1	205000001	207500000	59 
pt1	207500001	210000000	47 
pt1	210000001	212500000	35 
pt1	212500001	215000000	28 
pt1	215000001	217500000	36 
pt1	217500001	220000000	11 
pt1	220000001	222500000	25 
pt1	222500001	225000000	36 
pt1	225000001	227500000	35 
pt1	227500001	230000000	37 
pt10	1	2500000	29 
pt10	2500001	5000000	11 
pt10	5000001	7500000	66 
pt10	7500001	10000000	17 
pt10	10000001	12500000	43 
pt10	12500001	15000000	46 
pt10	15000001	17500000	32 
pt10	17500001	20000000	33 
pt10	20000001	22500000	13 
pt10	22500001	25000000	26 
pt10	25000001	27500000	27 
pt10	27500001	30000000	46 
pt10	30000001	32500000	23 
pt10	32500001	35000000	24 
pt10	35000001	37500000	33 
pt10	37500001	40000000	29 
pt10	42500001	45000000	19 
pt10	45000001	47500000	31 
pt10	47500001	50000000	60 
pt10	50000001	52500000	49 
pt10	52500001	55000000	16 
pt10	55000001	57500000	3 
pt10	57500001	60000000	14 
pt10	60000001	62500000	27 
pt10	62500001	65000000	25 
pt10	65000001	67500000	5 
pt10	67500001	70000000	39 
pt10	70000001	72500000	63 
pt10	72500001	75000000	80 
pt10	75000001	77500000	36 
pt10	77500001	80000000	21 
pt10	80000001	82500000	47 
pt10	82500001	85000000	5 
pt10	85000001	87500000	18 
pt10	87500001	90000000	48 
pt10	90000001	92500000	38 
pt10	92500001	95000000	44 
pt10	95000001	97500000	61 
pt10	97500001	100000000	94 
pt10	100000001	102500000	57 
pt10	102500001	105000000	107 
pt10	105000001	107500000	23 
pt10	107500001	110000000	5 
pt10	110000001	112500000	25 
pt10	112500001	115000000	29 
pt10	115000001	117500000	32 
pt10	117500001	120000000	39 
pt10	120000001	122500000	40 
pt10	122500001	125000000	60 
pt10	125000001	127500000	25 
pt10	127500001	130000000	28 
pt10	130000001	132500000	16 
pt10	132500001	135000000	22 
pt10	135000001	137500000	34 
pt11	1	2500000	168 
pt11	2500001	5000000	90 
pt11	5000001	7500000	114 
pt11	7500001	10000000	67 
pt11	10000001	12500000	39 
pt11	12500001	15000000	35 
pt11	15000001	17500000	37 
pt11	17500001	20000000	80 
pt11	20000001	22500000	18 
pt11	22500001	25000000	8 
pt11	25000001	27500000	20 
pt11	27500001	30000000	18 
pt11	30000001	32500000	29 
pt11	32500001	35000000	51 
pt11	35000001	37500000	41 
pt11	40000001	42500000	1 
pt11	42500001	45000000	36 
pt11	45000001	47500000	83 
pt11	47500001	50000000	65 
pt11	50000001	52500000	1 
pt11	52500001	55000000	6 
pt11	55000001	57500000	75 
pt11	57500001	60000000	70 
pt11	60000001	62500000	128 
pt11	62500001	65000000	197 
pt11	65000001	67500000	228 
pt11	67500001	70000000	101 
pt11	70000001	72500000	94 
pt11	72500001	75000000	78 
pt11	75000001	77500000	64 
pt11	77500001	80000000	41 
pt11	80000001	82500000	1 
pt11	82500001	85000000	30 
pt11	85000001	87500000	42 
pt11	87500001	90000000	26 
pt11	90000001	92500000	22 
pt11	92500001	95000000	51 
pt11	95000001	97500000	27 
pt11	97500001	100000000	3 
pt11	100000001	102500000	21 
pt11	102500001	105000000	32 
pt11	105000001	107500000	33 
pt11	107500001	110000000	29 
pt11	110000001	112500000	69 
pt11	112500001	115000000	62 
pt11	115000001	117500000	20 
pt11	117500001	120000000	149 
pt11	120000001	122500000	27 
pt11	122500001	125000000	48 
pt11	125000001	127500000	75 
pt11	127500001	130000000	17 
pt11	130000001	132500000	33 
pt11	132500001	135000000	25 
pt11	135000001	137500000	2 
pt12	1	2500000	56 
pt12	2500001	5000000	57 
pt12	5000001	7500000	135 
pt12	7500001	10000000	86 
pt12	10000001	12500000	95 
pt12	12500001	15000000	38 
pt12	15000001	17500000	43 
pt12	17500001	20000000	22 
pt12	20000001	22500000	16 
pt12	22500001	25000000	41 
pt12	25000001	27500000	36 
pt12	27500001	30000000	7 
pt12	30000001	32500000	82 
pt12	32500001	35000000	161 
pt12	35000001	37500000	165 
pt12	37500001	40000000	98 
pt12	40000001	42500000	133 
pt12	42500001	45000000	29 
pt12	45000001	47500000	21 
pt12	47500001	50000000	37 
pt12	50000001	52500000	17 
pt12	55000001	57500000	5 
pt12	57500001	60000000	42 
pt12	60000001	62500000	14 
pt12	62500001	65000000	41 
pt12	65000001	67500000	41 
pt12	67500001	70000000	37 
pt12	70000001	72500000	64 
pt12	72500001	75000000	33 
pt12	75000001	77500000	9 
pt12	77500001	80000000	39 
pt12	80000001	82500000	13 
pt12	82500001	85000000	18 
pt12	85000001	87500000	6 
pt12	87500001	90000000	9 
pt12	90000001	92500000	21 
pt12	92500001	95000000	15 
pt12	95000001	97500000	30 
pt12	97500001	100000000	47 
pt12	100000001	102500000	24 
pt12	102500001	105000000	58 
pt12	105000001	107500000	35 
pt12	107500001	110000000	38 
pt12	110000001	112500000	52 
pt12	112500001	115000000	92 
pt12	115000001	117500000	54 
pt12	117500001	120000000	9 
pt12	120000001	122500000	30 
pt12	122500001	125000000	100 
pt12	125000001	127500000	93 
pt12	127500001	130000000	31 
pt12	130000001	132500000	8 
pt12	132500001	135000000	21 
pt12	135000001	137500000	74 
pt13	2500001	5000000	43 
pt13	5000001	7500000	28 
pt13	7500001	10000000	37 
pt13	10000001	12500000	27 
pt13	12500001	15000000	37 
pt13	15000001	17500000	42 
pt13	17500001	20000000	13 
pt13	20000001	22500000	51 
pt13	22500001	25000000	17 
pt13	25000001	27500000	34 
pt13	27500001	30000000	22 
pt13	30000001	32500000	35 
pt13	32500001	35000000	48 
pt13	35000001	37500000	51 
pt13	37500001	40000000	10 
pt13	42500001	45000000	8 
pt13	45000001	47500000	10 
pt13	50000001	52500000	6 
pt13	52500001	55000000	2 
pt13	55000001	57500000	4 
pt13	57500001	60000000	16 
pt13	60000001	62500000	28 
pt13	62500001	65000000	19 
pt13	65000001	67500000	2 
pt13	67500001	70000000	1 
pt13	70000001	72500000	2 
pt13	72500001	75000000	2 
pt13	75000001	77500000	2 
pt13	77500001	80000000	1 
pt13	80000001	82500000	25 
pt13	82500001	85000000	38 
pt13	85000001	87500000	26 
pt13	87500001	90000000	13 
pt13	90000001	92500000	7 
pt13	92500001	95000000	12 
pt13	95000001	97500000	32 
pt13	97500001	100000000	50 
pt13	100000001	102500000	14 
pt14	2500001	5000000	76 
pt14	5000001	7500000	132 
pt14	7500001	10000000	91 
pt14	10000001	12500000	7 
pt14	12500001	15000000	27 
pt14	15000001	17500000	14 
pt14	17500001	20000000	50 
pt14	20000001	22500000	24 
pt14	22500001	25000000	25 
pt14	25000001	27500000	5 
pt14	27500001	30000000	19 
pt14	30000001	32500000	6 
pt14	32500001	35000000	53 
pt14	35000001	37500000	45 
pt14	37500001	40000000	52 
pt14	40000001	42500000	28 
pt14	42500001	45000000	37 
pt14	45000001	47500000	33 
pt14	47500001	50000000	59 
pt14	50000001	52500000	38 
pt14	52500001	55000000	46 
pt14	55000001	57500000	37 
pt14	57500001	60000000	93 
pt14	60000001	62500000	71 
pt14	62500001	65000000	14 
pt14	65000001	67500000	12 
pt14	70000001	72500000	1 
pt14	72500001	75000000	50 
pt14	75000001	77500000	52 
pt14	77500001	80000000	66 
pt14	80000001	82500000	37 
pt14	82500001	85000000	17 
pt14	85000001	87500000	72 
pt14	87500001	90000000	65 
pt14	90000001	92500000	63 
pt15	2500001	5000000	27 
pt15	5000001	7500000	20 
pt15	7500001	10000000	22 
pt15	10000001	12500000	30 
pt15	12500001	15000000	48 
pt15	15000001	17500000	30 
pt15	17500001	20000000	14 
pt15	20000001	22500000	121 
pt15	22500001	25000000	131 
pt15	25000001	27500000	40 
pt15	27500001	30000000	50 
pt15	30000001	32500000	40 
pt15	32500001	35000000	42 
pt15	35000001	37500000	33 
pt15	37500001	40000000	46 
pt15	40000001	42500000	25 
pt15	42500001	45000000	67 
pt15	45000001	47500000	91 
pt15	47500001	50000000	41 
pt15	50000001	52500000	35 
pt15	52500001	55000000	70 
pt15	55000001	57500000	103 
pt15	57500001	60000000	56 
pt15	60000001	62500000	47 
pt15	62500001	65000000	48 
pt15	65000001	67500000	46 
pt15	67500001	70000000	36 
pt15	70000001	72500000	79 
pt15	72500001	75000000	22 
pt15	75000001	77500000	10 
pt15	77500001	80000000	12 
pt15	80000001	82500000	43 
pt15	82500001	85000000	11 
pt16	1	2500000	213 
pt16	2500001	5000000	158 
pt16	5000001	7500000	34 
pt16	7500001	10000000	26 
pt16	10000001	12500000	49 
pt16	12500001	15000000	15 
pt16	15000001	17500000	57 
pt16	17500001	20000000	49 
pt16	20000001	22500000	58 
pt16	22500001	25000000	57 
pt16	25000001	27500000	24 
pt16	27500001	30000000	184 
pt16	30000001	32500000	55 
pt16	32500001	35000000	1 
pt16	35000001	37500000	22 
pt16	37500001	40000000	22 
pt16	40000001	42500000	29 
pt16	42500001	45000000	26 
pt16	45000001	47500000	53 
pt16	47500001	50000000	87 
pt16	50000001	52500000	5 
pt16	55000001	57500000	30 
pt16	57500001	60000000	152 
pt16	60000001	62500000	90 
pt16	62500001	65000000	47 
pt16	65000001	67500000	58 
pt16	67500001	70000000	22 
pt16	70000001	72500000	28 
pt16	72500001	75000000	19 
pt16	75000001	77500000	55 
pt16	77500001	80000000	47 
pt16	80000001	82500000	73 
pt17	1	2500000	86 
pt17	2500001	5000000	88 
pt17	5000001	7500000	135 
pt17	7500001	10000000	154 
pt17	10000001	12500000	103 
pt17	12500001	15000000	166 
pt17	15000001	17500000	170 
pt17	17500001	20000000	148 
pt17	20000001	22500000	100 
pt17	22500001	25000000	41 
pt17	25000001	27500000	64 
pt17	27500001	30000000	121 
pt17	30000001	32500000	1 
pt17	32500001	35000000	3 
pt17	35000001	37500000	75 
pt17	37500001	40000000	102 
pt17	40000001	42500000	44 
pt17	42500001	45000000	26 
pt17	45000001	47500000	44 
pt17	47500001	50000000	132 
pt17	50000001	52500000	17 
pt17	52500001	55000000	17 
pt17	55000001	57500000	40 
pt17	57500001	60000000	82 
pt17	60000001	62500000	46 
pt17	62500001	65000000	107 
pt17	65000001	67500000	24 
pt17	67500001	70000000	34 
pt17	70000001	72500000	4 
pt17	72500001	75000000	111 
pt17	75000001	77500000	118 
pt17	77500001	80000000	88 
pt17	80000001	82500000	143 
pt17	82500001	85000000	11 
pt18	1	2500000	2 
pt18	2500001	5000000	21 
pt18	5000001	7500000	60 
pt18	7500001	10000000	33 
pt18	10000001	12500000	14 
pt18	12500001	15000000	32 
pt18	15000001	17500000	31 
pt18	17500001	20000000	30 
pt18	20000001	22500000	44 
pt18	22500001	25000000	25 
pt18	25000001	27500000	5 
pt18	27500001	30000000	32 
pt18	30000001	32500000	39 
pt18	32500001	35000000	42 
pt18	35000001	37500000	2 
pt18	37500001	40000000	6 
pt18	40000001	42500000	5 
pt18	42500001	45000000	50 
pt18	45000001	47500000	29 
pt18	47500001	50000000	34 
pt18	50000001	52500000	16 
pt18	52500001	55000000	26 
pt18	55000001	57500000	39 
pt18	57500001	60000000	27 
pt18	60000001	62500000	35 
pt18	62500001	65000000	4 
pt18	65000001	67500000	10 
pt18	67500001	70000000	7 
pt18	70000001	72500000	30 
pt18	72500001	75000000	20 
pt18	75000001	77500000	13 
pt18	77500001	80000000	18 
pt19	1	2500000	176 
pt19	2500001	5000000	122 
pt19	5000001	7500000	120 
pt19	7500001	10000000	121 
pt19	10000001	12500000	168 
pt19	12500001	15000000	144 
pt19	15000001	17500000	121 
pt19	17500001	20000000	157 
pt19	20000001	22500000	107 
pt19	22500001	25000000	42 
pt19	25000001	27500000	4 
pt19	30000001	32500000	21 
pt19	32500001	35000000	28 
pt19	35000001	37500000	125 
pt19	37500001	40000000	148 
pt19	40000001	42500000	168 
pt19	42500001	45000000	160 
pt19	45000001	47500000	167 
pt19	47500001	50000000	147 
pt19	50000001	52500000	225 
pt19	52500001	55000000	164 
pt19	55000001	57500000	194 
pt19	57500001	60000000	113 
pt19	60000001	62500000	112 
pt20	1	2500000	77 
pt20	2500001	5000000	77 
pt20	5000001	7500000	27 
pt20	7500001	10000000	22 
pt20	10000001	12500000	17 
pt20	12500001	15000000	12 
pt20	15000001	17500000	19 
pt20	17500001	20000000	57 
pt20	20000001	22500000	26 
pt20	22500001	25000000	36 
pt20	25000001	27500000	30 
pt20	30000001	32500000	15 
pt20	32500001	35000000	89 
pt20	35000001	37500000	115 
pt20	37500001	40000000	74 
pt20	40000001	42500000	16 
pt20	42500001	45000000	22 
pt20	45000001	47500000	102 
pt20	47500001	50000000	94 
pt20	50000001	52500000	54 
pt20	52500001	55000000	38 
pt20	55000001	57500000	20 
pt20	57500001	60000000	41 
pt20	60000001	62500000	48 
pt20	62500001	65000000	42 
pt20	65000001	67500000	87 
pt21	1	2500000	24 
pt21	2500001	5000000	17 
pt21	5000001	7500000	3 
pt21	7500001	10000000	4 
pt21	10000001	12500000	21 
pt21	12500001	15000000	8 
pt21	15000001	17500000	60 
pt21	17500001	20000000	54 
pt21	20000001	22500000	45 
pt21	22500001	25000000	48 
pt21	25000001	27500000	22 
pt21	27500001	30000000	66 
pt21	30000001	32500000	78 
pt21	32500001	35000000	29 
pt22	2500001	5000000	38 
pt22	5000001	7500000	105 
pt22	7500001	10000000	79 
pt22	10000001	12500000	84 
pt22	12500001	15000000	28 
pt22	15000001	17500000	97 
pt22	17500001	20000000	83 
pt22	20000001	22500000	26 
pt22	22500001	25000000	115 
pt22	25000001	27500000	100 
pt22	27500001	30000000	103 
pt22	30000001	32500000	52 
pt22	32500001	35000000	34 
pt22	35000001	37500000	57 
pt22	37500001	40000000	31 
pt2A	1	2500000	33 
pt2A	2500001	5000000	20 
pt2A	5000001	7500000	5 
pt2A	7500001	10000000	29 
pt2A	10000001	12500000	49 
pt2A	12500001	15000000	5 
pt2A	15000001	17500000	13 
pt2A	17500001	20000000	15 
pt2A	20000001	22500000	32 
pt2A	22500001	25000000	23 
pt2A	25000001	27500000	72 
pt2A	27500001	30000000	106 
pt2A	30000001	32500000	19 
pt2A	32500001	35000000	33 
pt2A	35000001	37500000	11 
pt2A	37500001	40000000	59 
pt2A	40000001	42500000	14 
pt2A	42500001	45000000	38 
pt2A	45000001	47500000	25 
pt2A	47500001	50000000	47 
pt2A	50000001	52500000	13 
pt2A	52500001	55000000	7 
pt2A	55000001	57500000	54 
pt2A	57500001	60000000	7 
pt2A	60000001	62500000	27 
pt2A	62500001	65000000	29 
pt2A	65000001	67500000	44 
pt2A	67500001	70000000	23 
pt2A	70000001	72500000	73 
pt2A	72500001	75000000	48 
pt2A	75000001	77500000	93 
pt2A	77500001	80000000	3 
pt2A	80000001	82500000	16 
pt2A	85000001	87500000	59 
pt2A	87500001	90000000	65 
pt2A	90000001	92500000	5 
pt2A	92500001	95000000	26 
pt2A	95000001	97500000	90 
pt2A	97500001	100000000	28 
pt2A	100000001	102500000	41 
pt2A	102500001	105000000	15 
pt2A	105000001	107500000	28 
pt2A	107500001	110000000	55 
pt2A	110000001	112500000	46 
pt2B	1	2500000	9 
pt2B	2500001	5000000	8 
pt2B	5000001	7500000	42 
pt2B	7500001	10000000	19 
pt2B	10000001	12500000	1 
pt2B	12500001	15000000	48 
pt2B	15000001	17500000	48 
pt2B	17500001	20000000	33 
pt2B	20000001	22500000	9 
pt2B	22500001	25000000	22 
pt2B	25000001	27500000	18 
pt2B	27500001	30000000	11 
pt2B	30000001	32500000	1 
pt2B	32500001	35000000	27 
pt2B	37500001	40000000	29 
pt2B	40000001	42500000	40 
pt2B	42500001	45000000	6 
pt2B	45000001	47500000	23 
pt2B	47500001	50000000	45 
pt2B	50000001	52500000	49 
pt2B	52500001	55000000	14 
pt2B	55000001	57500000	25 
pt2B	57500001	60000000	39 
pt2B	60000001	62500000	63 
pt2B	62500001	65000000	48 
pt2B	65000001	67500000	41 
pt2B	67500001	70000000	44 
pt2B	70000001	72500000	28 
pt2B	72500001	75000000	28 
pt2B	75000001	77500000	20 
pt2B	77500001	80000000	17 
pt2B	80000001	82500000	49 
pt2B	82500001	85000000	3 
pt2B	85000001	87500000	17 
pt2B	87500001	90000000	34 
pt2B	90000001	92500000	81 
pt2B	92500001	95000000	49 
pt2B	95000001	97500000	37 
pt2B	97500001	100000000	36 
pt2B	100000001	102500000	28 
pt2B	102500001	105000000	15 
pt2B	105000001	107500000	36 
pt2B	107500001	110000000	70 
pt2B	110000001	112500000	69 
pt2B	112500001	115000000	24 
pt2B	115000001	117500000	15 
pt2B	117500001	120000000	32 
pt2B	120000001	122500000	64 
pt2B	122500001	125000000	92 
pt2B	125000001	127500000	19 
pt2B	127500001	130000000	56 
pt2B	130000001	132500000	67 
pt2B	132500001	135000000	36 
pt3	1	2500000	9 
pt3	2500001	5000000	28 
pt3	5000001	7500000	8 
pt3	7500001	10000000	45 
pt3	10000001	12500000	86 
pt3	12500001	15000000	67 
pt3	15000001	17500000	51 
pt3	17500001	20000000	15 
pt3	20000001	22500000	11 
pt3	22500001	25000000	21 
pt3	25000001	27500000	22 
pt3	27500001	30000000	29 
pt3	30000001	32500000	15 
pt3	32500001	35000000	48 
pt3	35000001	37500000	10 
pt3	37500001	40000000	85 
pt3	40000001	42500000	33 
pt3	42500001	45000000	49 
pt3	45000001	47500000	60 
pt3	47500001	50000000	125 
pt3	50000001	52500000	151 
pt3	52500001	55000000	125 
pt3	55000001	57500000	10 
pt3	57500001	60000000	75 
pt3	60000001	62500000	5 
pt3	62500001	65000000	31 
pt3	65000001	67500000	27 
pt3	67500001	70000000	10 
pt3	70000001	72500000	35 
pt3	72500001	75000000	24 
pt3	75000001	77500000	16 
pt3	77500001	80000000	3 
pt3	80000001	82500000	7 
pt3	82500001	85000000	5 
pt3	85000001	87500000	5 
pt3	87500001	90000000	16 
pt3	90000001	92500000	4 
pt3	95000001	97500000	10 
pt3	97500001	100000000	4 
pt3	100000001	102500000	36 
pt3	102500001	105000000	65 
pt3	105000001	107500000	2 
pt3	107500001	110000000	9 
pt3	110000001	112500000	31 
pt3	112500001	115000000	15 
pt3	115000001	117500000	72 
pt3	117500001	120000000	8 
pt3	120000001	122500000	10 
pt3	122500001	125000000	64 
pt3	125000001	127500000	73 
pt3	127500001	130000000	53 
pt3	130000001	132500000	51 
pt3	132500001	135000000	58 
pt3	135000001	137500000	35 
pt3	137500001	140000000	30 
pt3	140000001	142500000	43 
pt3	142500001	145000000	35 
pt3	145000001	147500000	34 
pt3	147500001	150000000	13 
pt3	150000001	152500000	19 
pt3	152500001	155000000	45 
pt3	155000001	157500000	17 
pt3	157500001	160000000	34 
pt3	160000001	162500000	48 
pt3	162500001	165000000	28 
pt3	165000001	167500000	3 
pt3	167500001	170000000	4 
pt3	170000001	172500000	13 
pt3	172500001	175000000	49 
pt3	175000001	177500000	25 
pt3	177500001	180000000	4 
pt3	180000001	182500000	4 
pt3	182500001	185000000	62 
pt3	185000001	187500000	21 
pt3	187500001	190000000	93 
pt3	190000001	192500000	51 
pt3	192500001	195000000	23 
pt3	195000001	197500000	20 
pt3	197500001	200000000	47 
pt3	200000001	202500000	78 
pt3	202500001	205000000	3 
pt4	1	2500000	85 
pt4	2500001	5000000	73 
pt4	5000001	7500000	52 
pt4	7500001	10000000	43 
pt4	10000001	12500000	10 
pt4	12500001	15000000	9 
pt4	15000001	17500000	34 
pt4	17500001	20000000	17 
pt4	20000001	22500000	22 
pt4	22500001	25000000	15 
pt4	25000001	27500000	33 
pt4	27500001	30000000	1 
pt4	30000001	32500000	6 
pt4	35000001	37500000	3 
pt4	37500001	40000000	48 
pt4	40000001	42500000	46 
pt4	42500001	45000000	14 
pt4	45000001	47500000	36 
pt4	47500001	50000000	38 
pt4	50000001	52500000	21 
pt4	52500001	55000000	62 
pt4	55000001	57500000	57 
pt4	57500001	60000000	33 
pt4	60000001	62500000	64 
pt4	62500001	65000000	12 
pt4	65000001	67500000	3 
pt4	67500001	70000000	8 
pt4	72500001	75000000	49 
pt4	75000001	77500000	26 
pt4	77500001	80000000	20 
pt4	82500001	85000000	36 
pt4	85000001	87500000	9 
pt4	87500001	90000000	38 
pt4	90000001	92500000	38 
pt4	92500001	95000000	6 
pt4	95000001	97500000	14 
pt4	97500001	100000000	11 
pt4	100000001	102500000	32 
pt4	102500001	105000000	28 
pt4	105000001	107500000	33 
pt4	107500001	110000000	30 
pt4	110000001	112500000	37 
pt4	112500001	115000000	31 
pt4	115000001	117500000	32 
pt4	117500001	120000000	5 
pt4	120000001	122500000	23 
pt4	122500001	125000000	27 
pt4	125000001	127500000	14 
pt4	127500001	130000000	5 
pt4	130000001	132500000	39 
pt4	132500001	135000000	1 
pt4	135000001	137500000	2 
pt4	137500001	140000000	2 
pt4	140000001	142500000	16 
pt4	142500001	145000000	39 
pt4	145000001	147500000	17 
pt4	147500001	150000000	37 
pt4	150000001	152500000	16 
pt4	152500001	155000000	19 
pt4	155000001	157500000	30 
pt4	157500001	160000000	35 
pt4	160000001	162500000	20 
pt4	162500001	165000000	15 
pt4	165000001	167500000	12 
pt4	167500001	170000000	26 
pt4	170000001	172500000	15 
pt4	172500001	175000000	27 
pt4	175000001	177500000	8 
pt4	177500001	180000000	30 
pt4	180000001	182500000	14 
pt4	185000001	187500000	9 
pt4	187500001	190000000	59 
pt4	190000001	192500000	13 
pt4	192500001	195000000	11 
pt5	1	2500000	55 
pt5	2500001	5000000	8 
pt5	5000001	7500000	14 
pt5	7500001	10000000	9 
pt5	10000001	12500000	23 
pt5	12500001	15000000	13 
pt5	15000001	17500000	15 
pt5	17500001	20000000	19 
pt5	20000001	22500000	18 
pt5	22500001	25000000	5 
pt5	25000001	27500000	17 
pt5	27500001	30000000	10 
pt5	30000001	32500000	15 
pt5	32500001	35000000	20 
pt5	35000001	37500000	45 
pt5	37500001	40000000	47 
pt5	40000001	42500000	45 
pt5	42500001	45000000	63 
pt5	45000001	47500000	31 
pt5	47500001	50000000	41 
pt5	50000001	52500000	12 
pt5	52500001	55000000	19 
pt5	55000001	57500000	17 
pt5	57500001	60000000	56 
pt5	60000001	62500000	20 
pt5	62500001	65000000	14 
pt5	67500001	70000000	4 
pt5	70000001	72500000	38 
pt5	72500001	75000000	26 
pt5	75000001	77500000	23 
pt5	77500001	80000000	51 
pt5	80000001	82500000	41 
pt5	82500001	85000000	7 
pt5	85000001	87500000	3 
pt5	87500001	90000000	5 
pt5	90000001	92500000	6 
pt5	92500001	95000000	7 
pt5	95000001	97500000	26 
pt5	97500001	100000000	8 
pt5	100000001	102500000	20 
pt5	102500001	105000000	4 
pt5	105000001	107500000	7 
pt5	107500001	110000000	12 
pt5	110000001	112500000	29 
pt5	112500001	115000000	23 
pt5	115000001	117500000	24 
pt5	117500001	120000000	25 
pt5	120000001	122500000	13 
pt5	122500001	125000000	24 
pt5	125000001	127500000	34 
pt5	127500001	130000000	19 
pt5	130000001	132500000	48 
pt5	132500001	135000000	74 
pt5	135000001	137500000	34 
pt5	137500001	140000000	86 
pt5	140000001	142500000	115 
pt5	142500001	145000000	14 
pt5	145000001	147500000	34 
pt5	147500001	150000000	64 
pt5	150000001	152500000	99 
pt5	152500001	155000000	24 
pt5	155000001	157500000	25 
pt5	157500001	160000000	28 
pt5	160000001	162500000	38 
pt5	162500001	165000000	10 
pt5	165000001	167500000	2 
pt5	167500001	170000000	15 
pt5	170000001	172500000	43 
pt5	172500001	175000000	40 
pt5	175000001	177500000	47 
pt5	177500001	180000000	90 
pt5	180000001	182500000	80 
pt6	1	2500000	14 
pt6	2500001	5000000	46 
pt6	5000001	7500000	38 
pt6	7500001	10000000	19 
pt6	10000001	12500000	49 
pt6	12500001	15000000	23 
pt6	15000001	17500000	20 
pt6	17500001	20000000	28 
pt6	20000001	22500000	15 
pt6	22500001	25000000	22 
pt6	25000001	27500000	108 
pt6	27500001	30000000	103 
pt6	30000001	32500000	260 
pt6	32500001	35000000	130 
pt6	35000001	37500000	104 
pt6	37500001	40000000	36 
pt6	40000001	42500000	62 
pt6	42500001	45000000	132 
pt6	45000001	47500000	32 
pt6	47500001	50000000	26 
pt6	50000001	52500000	31 
pt6	52500001	55000000	52 
pt6	55000001	57500000	21 
pt6	57500001	60000000	20 
pt6	62500001	65000000	3 
pt6	65000001	67500000	11 
pt6	67500001	70000000	5 
pt6	70000001	72500000	5 
pt6	72500001	75000000	31 
pt6	75000001	77500000	35 
pt6	77500001	80000000	27 
pt6	80000001	82500000	11 
pt6	82500001	85000000	12 
pt6	85000001	87500000	30 
pt6	87500001	90000000	19 
pt6	90000001	92500000	33 
pt6	92500001	95000000	22 
pt6	95000001	97500000	4 
pt6	97500001	100000000	5 
pt6	100000001	102500000	19 
pt6	102500001	105000000	28 
pt6	107500001	110000000	21 
pt6	110000001	112500000	35 
pt6	112500001	115000000	56 
pt6	115000001	117500000	21 
pt6	117500001	120000000	18 
pt6	120000001	122500000	42 
pt6	122500001	125000000	9 
pt6	125000001	127500000	14 
pt6	127500001	130000000	24 
pt6	130000001	132500000	28 
pt6	132500001	135000000	25 
pt6	135000001	137500000	49 
pt6	137500001	140000000	37 
pt6	140000001	142500000	43 
pt6	142500001	145000000	14 
pt6	145000001	147500000	19 
pt6	147500001	150000000	26 
pt6	150000001	152500000	17 
pt6	152500001	155000000	43 
pt6	155000001	157500000	34 
pt6	157500001	160000000	27 
pt6	160000001	162500000	26 
pt6	162500001	165000000	49 
pt6	165000001	167500000	24 
pt6	167500001	170000000	14 
pt6	170000001	172500000	37 
pt6	172500001	175000000	26 
pt6	175000001	177500000	15 
pt7	1	2500000	64 
pt7	2500001	5000000	35 
pt7	5000001	7500000	53 
pt7	7500001	10000000	10 
pt7	10000001	12500000	15 
pt7	12500001	15000000	15 
pt7	15000001	17500000	26 
pt7	17500001	20000000	20 
pt7	20000001	22500000	42 
pt7	22500001	25000000	35 
pt7	25000001	27500000	44 
pt7	27500001	30000000	47 
pt7	30000001	32500000	45 
pt7	32500001	35000000	21 
pt7	35000001	37500000	36 
pt7	37500001	40000000	32 
pt7	40000001	42500000	10 
pt7	42500001	45000000	100 
pt7	45000001	47500000	24 
pt7	47500001	50000000	31 
pt7	50000001	52500000	14 
pt7	52500001	55000000	23 
pt7	55000001	57500000	43 
pt7	57500001	60000000	8 
pt7	62500001	65000000	23 
pt7	65000001	67500000	44 
pt7	67500001	70000000	4 
pt7	70000001	72500000	11 
pt7	72500001	75000000	51 
pt7	75000001	77500000	67 
pt7	77500001	80000000	54 
pt7	80000001	82500000	20 
pt7	82500001	85000000	26 
pt7	85000001	87500000	10 
pt7	87500001	90000000	12 
pt7	90000001	92500000	33 
pt7	92500001	95000000	28 
pt7	95000001	97500000	54 
pt7	97500001	100000000	35 
pt7	100000001	102500000	51 
pt7	102500001	105000000	163 
pt7	105000001	107500000	52 
pt7	107500001	110000000	50 
pt7	110000001	112500000	47 
pt7	112500001	115000000	7 
pt7	115000001	117500000	21 
pt7	117500001	120000000	8 
pt7	120000001	122500000	38 
pt7	122500001	125000000	6 
pt7	125000001	127500000	30 
pt7	127500001	130000000	24 
pt7	130000001	132500000	15 
pt7	132500001	135000000	99 
pt7	135000001	137500000	25 
pt7	137500001	140000000	31 
pt7	140000001	142500000	23 
pt7	142500001	145000000	51 
pt7	145000001	147500000	62 
pt7	147500001	150000000	58 
pt7	150000001	152500000	2 
pt7	152500001	155000000	48 
pt7	155000001	157500000	48 
pt7	157500001	160000000	23 
pt7	160000001	162500000	31 
pt7	162500001	165000000	33 
pt7	165000001	167500000	5 
pt8	1	2500000	27 
pt8	2500001	5000000	6 
pt8	5000001	7500000	16 
pt8	7500001	10000000	24 
pt8	10000001	12500000	40 
pt8	12500001	15000000	10 
pt8	15000001	17500000	46 
pt8	17500001	20000000	25 
pt8	20000001	22500000	80 
pt8	22500001	25000000	40 
pt8	25000001	27500000	60 
pt8	27500001	30000000	41 
pt8	30000001	32500000	29 
pt8	32500001	35000000	13 
pt8	35000001	37500000	12 
pt8	37500001	40000000	73 
pt8	40000001	42500000	58 
pt8	42500001	45000000	16 
pt8	45000001	47500000	1 
pt8	47500001	50000000	25 
pt8	50000001	52500000	10 
pt8	52500001	55000000	27 
pt8	55000001	57500000	36 
pt8	57500001	60000000	24 
pt8	60000001	62500000	18 
pt8	62500001	65000000	21 
pt8	65000001	67500000	21 
pt8	67500001	70000000	41 
pt8	70000001	72500000	25 
pt8	72500001	75000000	21 
pt8	75000001	77500000	24 
pt8	77500001	80000000	7 
pt8	80000001	82500000	35 
pt8	82500001	85000000	21 
pt8	85000001	87500000	33 
pt8	87500001	90000000	19 
pt8	90000001	92500000	15 
pt8	92500001	95000000	25 
pt8	95000001	97500000	47 
pt8	97500001	100000000	33 
pt8	100000001	102500000	26 
pt8	102500001	105000000	25 
pt8	105000001	107500000	33 
pt8	107500001	110000000	20 
pt8	110000001	112500000	24 
pt8	112500001	115000000	4 
pt8	117500001	120000000	16 
pt8	120000001	122500000	23 
pt8	122500001	125000000	5 
pt8	125000001	127500000	58 
pt8	127500001	130000000	6 
pt8	130000001	132500000	15 
pt8	132500001	135000000	16 
pt8	135000001	137500000	36 
pt8	137500001	140000000	4 
pt8	140000001	142500000	6 
pt8	142500001	145000000	28 
pt8	145000001	147500000	156 
pt8	147500001	150000000	17 
pt9	1	2500000	28 
pt9	2500001	5000000	34 
pt9	5000001	7500000	41 
pt9	7500001	10000000	7 
pt9	12500001	15000000	27 
pt9	15000001	17500000	23 
pt9	17500001	20000000	27 
pt9	20000001	22500000	25 
pt9	22500001	25000000	11 
pt9	25000001	27500000	5 
pt9	27500001	30000000	18 
pt9	32500001	35000000	66 
pt9	35000001	37500000	143 
pt9	37500001	40000000	42 
pt9	40000001	42500000	23 
pt9	45000001	47500000	35 
pt9	47500001	50000000	29 
pt9	50000001	52500000	21 
pt9	52500001	55000000	23 
pt9	55000001	57500000	17 
pt9	57500001	60000000	14 
pt9	60000001	62500000	33 
pt9	62500001	65000000	26 
pt9	65000001	67500000	44 
pt9	67500001	70000000	18 
pt9	70000001	72500000	65 
pt9	72500001	75000000	41 
pt9	75000001	77500000	49 
pt9	77500001	80000000	32 
pt9	80000001	82500000	9 
pt9	82500001	85000000	29 
pt9	85000001	87500000	31 
pt9	87500001	90000000	44 
pt9	90000001	92500000	59 
pt9	92500001	95000000	24 
pt9	95000001	97500000	4 
pt9	97500001	100000000	44 
pt9	100000001	102500000	56 
pt9	102500001	105000000	57 
pt9	105000001	107500000	171 
pt9	107500001	110000000	78 
pt9	110000001	112500000	96 
pt9	112500001	115000000	82 
pt9	115000001	117500000	100 
ptMT	1	2500000	13 
ptX	1	2500000	25 
ptX	2500001	5000000	18 
ptX	5000001	7500000	12 
ptX	7500001	10000000	27 
ptX	10000001	12500000	27 
ptX	12500001	15000000	32 
ptX	15000001	17500000	45 
ptX	17500001	20000000	41 
ptX	20000001	22500000	26 
ptX	22500001	25000000	45 
ptX	25000001	27500000	9 
ptX	27500001	30000000	6 
ptX	30000001	32500000	33 
ptX	32500001	35000000	3 
ptX	35000001	37500000	8 
ptX	37500001	40000000	33 
ptX	40000001	42500000	46 
ptX	42500001	45000000	18 
ptX	45000001	47500000	47 
ptX	47500001	50000000	127 
ptX	50000001	52500000	36 
ptX	52500001	55000000	67 
ptX	55000001	57500000	23 
ptX	57500001	60000000	2 
ptX	60000001	62500000	2 
ptX	62500001	65000000	29 
ptX	65000001	67500000	22 
ptX	67500001	70000000	38 
ptX	70000001	72500000	82 
ptX	72500001	75000000	24 
ptX	75000001	77500000	18 
ptX	77500001	80000000	14 
ptX	80000001	82500000	10 
ptX	82500001	85000000	21 
ptX	85000001	87500000	7 
ptX	87500001	90000000	4 
ptX	90000001	92500000	6 
ptX	92500001	95000000	5 
ptX	95000001	97500000	4 
ptX	97500001	100000000	4 
ptX	100000001	102500000	67 
ptX	102500001	105000000	39 
ptX	105000001	107500000	29 
ptX	107500001	110000000	33 
ptX	110000001	112500000	37 
ptX	112500001	115000000	12 
ptX	115000001	117500000	22 
ptX	117500001	120000000	57 
ptX	120000001	122500000	16 
ptX	122500001	125000000	24 
ptX	125000001	127500000	3 
ptX	127500001	130000000	25 
ptX	130000001	132500000	33 
ptX	132500001	135000000	41 
ptX	135000001	137500000	63 
ptX	137500001	140000000	24 
ptX	140000001	142500000	6 
ptX	142500001	145000000	8 
ptX	145000001	147500000	4 
ptX	147500001	150000000	37 
ptX	150000001	152500000	43 
ptX	152500001	155000000	168 
ptX	155000001	157500000	8 
ptY	1	2500000	23 
ptY	2500001	5000000	16 
ptY	5000001	7500000	5 
ptY	7500001	10000000	7 
ptY	10000001	12500000	17 
ptY	12500001	15000000	14 
ptY	15000001	17500000	21 
ptY	17500001	20000000	10 
ptY	20000001	22500000	17 
ptY	22500001	25000000	6 
ptY	25000001	27500000	13 
